12
12

0
0
0
0
0
0
0
0
0
0
0
0
0
1
1
1
1
1
1
1
1
1
1
0
0
1
0
0
1
1
1
1
0
0
1
0
0
1
0
1
1
1
1
1
1
0
1
0
0
1
1
1
1
1
1
1
1
1
1
0
0
1
1
1
1
0
0
1
1
1
1
0
0
1
1
1
1
0
0
1
1
1
1
0
0
1
1
1
1
1
1
1
1
1
1
0
0
1
0
1
1
1
1
1
1
0
1
0
0
1
0
0
1
1
1
1
0
0
1
0
0
1
1
1
1
1
1
1
1
1
1
0
0
0
0
0
0
0
0
0
0
0
0
0

0
0
0
0
0
0
0
0
0
0
0
0
0
13
25
37
49
61
73
85
97
109
121
0
0
14
0
0
50
62
74
86
0
0
122
0
0
15
0
39
51
63
75
87
99
0
123
0
0
16
28
40
52
64
76
88
100
112
124
0
0
17
29
41
53
0
0
89
101
113
125
0
0
18
30
42
54
0
0
90
102
114
126
0
0
19
31
43
55
67
79
91
103
115
127
0
0
20
0
44
56
68
80
92
104
0
128
0
0
21
0
0
57
69
81
93
0
0
129
0
0
22
34
46
58
70
82
94
106
118
130
0
0
0
0
0
0
0
0
0
0
0
0
0
